gamme acceleration : +-param[0]g ;    frequence echantillonnage : param[1]Hz
t(s);Ax(m/s2);Ay(m/s2);Az(m/s2);F(Hz);TF(Ax);TF(Ay);TF(Az)
0,0;-0,83984375;-0,51171875;-0,67041015625;0,0;0,0698889907526;0,141898018973;1,31474709024
0,005;-1,0;-0,69970703125;-0,69384765625;0,511508951407;0,0607533514956;0,068268862698;0,0174372856927
0,01;-1,0;-0,8671875;-0,734375;1,02301790281;0,0385887065208;0,027007910891;0,0250929159002
0,015;-1,0;-0,92041015625;-0,767578125;1,53452685422;0,0418658609098;0,0248936923387;0,00399918535135
0,02;-1,0;-0,890625;-0,88671875;2,04603580563;0,0578373784536;0,0333389083615;0,00478608058445
0,025;-1,0;-0,90185546875;-1,0;2,55754475703;0,0536254381944;0,0435772677106;0,00177740335823
0,03;-0,88232421875;-0,85009765625;-0,9228515625;3,06905370844;0,0550886680557;0,036284014078;0,00570494630597
0,035;-0,7568359375;-0,3759765625;-0,52294921875;3,58056265985;0,0955941667661;0,0481493951989;0,00861665199452
0,04;-0,59765625;0,1796875;-0,38671875;4,09207161125;0,0800607367241;0,0481538632909;0,00612884702972
0,045;-0,34033203125;0,42578125;-0,36669921875;4,60358056266;0,0658711712218;0,0563285396365;0,00356036448855
0,05;-0,0703125;0,4873046875;-0,37548828125;5,11508951407;0,119628851021;0,0911647060538;0,0360797160898
0,055;0,1669921875;0,50390625;-0,45556640625;5,62659846547;0,180931491859;0,124981537222;0,0241122221371
0,06;0,34716796875;0,55419921875;-0,47509765625;6,13810741688;0,204736886767;0,148234669266;0,0300933774153
0,065;0,54296875;0,53466796875;-0,478515625;6,64961636829;0,771301385579;0,5208037268;0,108617748823
0,07;0,734375;0,43701171875;-0,6298828125;7,16112531969;0,360416425556;0,227610680692;0,00578622785412
0,075;0,84375;0,36279296875;-0,70947265625;7,6726342711;0,251301235105;0,155699005838;0,0380751838638
0,08;0,91845703125;0,39990234375;-0,74658203125;8,18414322251;0,079442886988;0,0396527210633;0,0229633825811
0,085;0,962890625;0,435546875;-0,75439453125;8,69565217391;0,0419844606442;0,028525102949;0,00101323689992
0,09;0,9921875;0,4365234375;-0,75634765625;9,20716112532;0,0819881337082;0,0626445326319;0,00603011263249
0,095;0,97705078125;0,42529296875;-0,71044921875;9,71867007673;0,0647612684733;0,0231265498964;0,0175536960364
0,1;0,75927734375;0,41796875;-0,62109375;10,2301790281;0,0241069103076;0,0441398554823;0,0187080890777
0,105;0,56591796875;0,3671875;-0,5869140625;10,7416879795;0,035300937043;0,031800927195;0,0183437847309
0,11;0,35986328125;0,32763671875;-0,578125;11,2531969309;0,0478894784674;0,0443415926175;0,0118986403048
0,115;0,18896484375;0,26171875;-0,595703125;11,7647058824;0,0281950818258;0,0396638865995;0,00467759148047
0,12;0,05029296875;0,18115234375;-0,62158203125;12,2762148338;0,0163231349164;0,0208239936563;0,0106888747475
0,125;-0,03125;0,0791015625;-0,65234375;12,7877237852;0,0459314376102;0,0415616557961;0,0171952823991
0,13;-0,13623046875;-0,04296875;-0,67578125;13,2992327366;0,0623210835864;0,0252230683025;0,0413465694846
0,135;-0,2978515625;-0,14892578125;-0,67041015625;13,810741688;0,110934821566;0,125651928848;0,0568283622941
0,14;-0,5244140625;-0,296875;-0,6181640625;14,3222506394;0,0687799505996;0,0838288922076;0,0122915141111
0,145;-0,76708984375;-0,4775390625;-0,63671875;14,8337595908;0,00942783730821;0,0371648949632;0,0162729453412
0,15;-0,9970703125;-0,658203125;-0,68798828125;15,3452685422;0,022014784664;0,04314741729;0,0223240903406
0,155;-1,0;-0,748046875;-0,72607421875;15,8567774936;0,0244309510621;0,0298730891478;0,00953827875303
0,16;-1,0;-0,80908203125;-0,77783203125;16,368286445;0,0109448177333;0,0349808864477;0,0108436814441
0,165;-1,0;-0,84423828125;-0,86328125;16,8797953964;0,0311966556799;0,0210498676462;0,00361822414312
0,17;-1,0;-0,73095703125;-0,9853515625;17,3913043478;0,00688891027411;0,0106679196305;0,00231809717567
0,175;-0,845703125;-0,72216796875;-1,0;17,9028132992;0,0129790041881;0,0296205362198;0,00757623054742
0,18;-0,69580078125;-0,55810546875;-0,82470703125;18,4143222506;0,0225120067057;0,0240890421188;0,00402942265648
0,185;-0,5400390625;-0,03125;-0,54296875;18,925831202;0,0132388183044;0,0211736579548;0,0146418858985
0,19;-0,318359375;0,3935546875;-0,4765625;19,4373401535;0,00615348300226;0,0151177489415;0,011293741053
0,195;-0,04296875;0,53466796875;-0,49658203125;19,9488491049;0,0304104116453;0,0629983146931;0,0323295425715
0,2;0,453125;0,54052734375;-0,59326171875;20,4603580563;0,0510439640113;0,0782425477816;0,0465655178854
0,205;0,65673828125;0,5380859375;-0,60546875;20,9718670077;0,0142370613944;0,0391661792891;0,0340533456519
0,21;0,849609375;0,40576171875;-0,7109375;21,4833759591;0,0236020459838;0,0285316774869;0,0272566481161
0,215;0,935546875;0,376953125;-0,75732421875;21,9948849105;0,00183103146474;0,00191752079218;0,00418310813186
0,22;0,96826171875;0,47998046875;-0,71923828125;22,5063938619;0,0150264148305;0,00343134642971;0,00934037590364
0,225;0,96044921875;0,50732421875;-0,6884765625;23,0179028133;0,00917449533844;0,0105186418078;0,00714833217171
0,23;0,9443359375;0,48583984375;-0,673828125;23,5294117647;0,00314280801339;0,00987054705636;0,0103758615892
0,235;0,90673828125;0,48095703125;-0,6240234375;24,0409207161;0,00222049418573;0,0176122148743;0,0106390238971
0,24;0,79345703125;0,42529296875;-0,58642578125;24,5524296675;0,00486347708141;0,00794206572464;0,00715284782056
0,245;0,61376953125;0,412109375;-0,5390625;25,0639386189;0,0024420451626;0,000664299419874;0,00319359936304
0,25;0,4248046875;0,35302734375;-0,51953125;25,5754475703;0,0135833966832;0,0121562318013;0,00869495727205
0,255;0,23388671875;0,30224609375;-0,5478515625;26,0869565217;0,00960489211346;0,00474027855612;0,00505535748112
0,26;0,07080078125;0,21875;-0,58447265625;26,5984654731;0,0153346043366;0,0184603179089;0,00956558145078
0,265;-0,04541015625;0,12060546875;-0,62158203125;27,1099744246;0,0051124590622;0,00944633610847;0,0168520371238
0,27;-0,12158203125;0,01611328125;-0,6572265625;27,621483376;0,00923946714428;0,0134142041559;0,0171728427247
0,275;-0,21142578125;-0,095703125;-0,6923828125;28,1329923274;0,0208907432049;0,0139749866806;0,00953614464394
0,28;-0,33154296875;-0,173828125;-0,67041015625;28,6445012788;0,00141742846912;0,00296107121198;0,000867809259319
0,285;-0,49609375;-0,267578125;-0,619140625;29,1560102302;0,006394958257;0,00498779341687;0,00333624440707
0,29;-0,69580078125;-0,42626953125;-0,6171875;29,6675191816;0,0121882036772;0,0122628212309;0,00932313986156
0,295;-0,90966796875;-0,599609375;-0,64453125;30,179028133;0,00799657728497;0,00200560841038;0,0029561956967
0,3;-1,0;-0,8095703125;-0,720703125;30,6905370844;0,003712428793;0,0153473152997;0,00707745453466
0,305;-1,0;-0,80810546875;-0,75244140625;31,2020460358;0,00405616404423;0,00596586712154;0,00332540267992
0,31;-1,0;-0,7265625;-0,79541015625;31,7135549872;0,0041394099458;0,00765098867309;0,00889850419338
0,315;-0,99853515625;-0,62841796875;-0,93017578125;32,2250639386;0,00908451243678;0,0045501731418;0,00168911387198
0,32;-0,77978515625;-0,49658203125;-0,8515625;32,73657289;0,00702177019938;0,00656675944543;0,00484454740515
0,325;-0,5693359375;-0,166015625;-0,62548828125;33,2480818414;0,0162112616457;0,00678508491348;0,00595115388243
0,33;-0,33251953125;0,18798828125;-0,51806640625;33,7595907928;0,0104700286817;0,00452163426133;0,00968289283263
0,335;-0,10009765625;0,4140625;-0,48046875;34,2710997442;0,0051083508011;0,0223572132731;0,0074274420843
0,34;0,09326171875;0,4365234375;-0,49853515625;34,7826086957;0,00982011009432;0,0144515964021;0,0070248710222
0,345;0,25341796875;0,451171875;-0,56689453125;35,2941176471;0,00708241190183;0,00837937304934;0,00417853913961
0,35;0,39990234375;0,46240234375;-0,59228515625;35,8056265985;0,0052729081775;0,0045184865738;0,00459554506958
0,355;0,57861328125;0,3671875;-0,6796875;36,3171355499;0,00365309942068;0,0151813268357;0,00819284186607
0,36;0,76123046875;0,294921875;-0,7431640625;36,8286445013;0,00639825802697;0,00455925494955;0,000373388307552
0,365;0,892578125;0,2998046875;-0,7392578125;37,3401534527;0,0077290768387;0,00449955751178;0,00654521996388
0,37;0,96875;0,36767578125;-0,69482421875;37,8516624041;0,00886289217003;0,01402067667;0,00442632181863
0,375;0,982421875;0,39208984375;-0,66796875;38,3631713555;0,000542371278212;0,00211146251123;0,00582976732823
0,38;0,943359375;0,46484375;-0,63818359375;38,8746803069;0,0117775310934;0,0113851508356;0,00467117653707
0,385;0,83984375;0,4482421875;-0,62255859375;39,3861892583;0,010202999322;0,0057250685142;0,00189251292039
0,39;0,68115234375;0,42529296875;-0,58642578125;39,8976982097;0,0022647506775;0,0132841224071;0,0037499897677
0,395;0,49658203125;0,32763671875;-0,57470703125;40,4092071611;0,0101521359946;0,0168843933924;0,00886096307096
0,4;0,13623046875;0,14111328125;-0,6083984375;40,9207161125;0,00955186840588;0,010923285319;0,00559096189832
0,405;0,00341796875;0,05712890625;-0,61767578125;41,4322250639;0,00698431164664;0,0056019621821;0,006091982685
0,41;-0,111328125;-0,00439453125;-0,64111328125;41,9437340153;0,00134354463478;0,0128041584237;0,00743301064699
0,415;-0,19384765625;-0,03564453125;-0,65087890625;42,4552429668;0,00201661243843;0,00347886560828;0,00293906563431
0,42;-0,22509765625;-0,07080078125;-0,64453125;42,9667519182;0,00687306328293;0,00836625592528;0,00340094627306
0,425;-0,27587890625;-0,14404296875;-0,6259765625;43,4782608696;0,00280251861627;0,00374347858771;0,00486433572419
0,43;-0,37158203125;-0,18798828125;-0,58642578125;43,989769821;0,0067131706736;0,00480720164688;0,000885167225699
0,435;-0,525390625;-0,29541015625;-0,55908203125;44,5012787724;0,00204641119566;0,00837180702182;0,00532224290991
0,44;-0,71875;-0,419921875;-0,572265625;45,0127877238;0,00573588710002;0,00111337652281;0,0031560931674
0,445;-0,8603515625;-0,54248046875;-0,60986328125;45,5242966752;0,00197809045388;0,0136137440016;0,00774750506786
0,45;-0,96728515625;-0,619140625;-0,65478515625;46,0358056266;0,001494492188;0,00363460950609;0,00279991174879
0,455;-1,0;-0,61572265625;-0,69384765625;46,547314578;0,00253839967932;0,00538433786877;0,000304917014967
0,46;-1,0;-0,564453125;-0,7587890625;47,0588235294;0,00634497356226;0,0114359884701;0,00737850820585
0,465;-0,92578125;-0,5283203125;-0,91015625;47,5703324808;0,00489146428574;0,00294894676465;0,0030076630263
0,47;-0,74853515625;-0,52001953125;-0,8837890625;48,0818414322;0,00493487824361;0,00785737864754;0,00543619023657
0,475;-0,55517578125;-0,296875;-0,6484375;48,5933503836;0,00892536819714;0,00815080232503;0,00574438103626
0,48;-0,3486328125;0,068359375;-0,5009765625;49,104859335;0,00337285283617;0,00465982022339;0,00737477132786
0,485;-0,12890625;0,32763671875;-0,4423828125;49,6163682864;0,00137791820663;0,00527029887828;0,000813784364854
0,49;0,099609375;0,35595703125;-0,44384765625;50,1278772379;0,000371602805379;0,00636173008376;0,0046082424689
0,495;0,322265625;0,37841796875;-0,48828125;50,6393861893;0,00303575815896;0,00759052550096;0,00201784228612
0,5;0,69677734375;0,51708984375;-0,48291015625;51,1508951407;0,00295416265909;0,00640422786103;0,000674914470724
0,505;0,9140625;0,458984375;-0,51953125;51,6624040921;0,000721901593634;0,00380580651807;0,00273974299577
0,51;0,99951171875;0,48828125;-0,49658203125;52,1739130435;0,00545750537679;0,00496059363867;0,00270216799859
0,515;0,99951171875;0,5810546875;-0,46142578125;52,6854219949;0,00275285596744;0,00438889557699;0,00292438752577
0,52;0,99951171875;0,75341796875;-0,345703125;53,1969309463;0,00521328005565;0,00699681161823;0,000476983983721
0,525;0,99951171875;0,6552734375;-0,43798828125;53,7084398977;0,00255821370145;0,00057858264236;0,00167971539063
0,53;0,90771484375;0,552734375;-0,462890625;54,2199488491;0,00168084042532;0,00731818456202;0,000359501256302
0,535;0,6708984375;0,4375;-0,51953125;54,7314578005;0,00240659221875;0,00716684527246;0,00306260245631
0,54;0,40673828125;0,34375;-0,56689453125;55,2429667519;0,00661757349681;0,00299778163775;0,0041840542219
0,545;0,16796875;0,23388671875;-0,61669921875;55,7544757033;0,00273119288695;0,00623736717378;0,00317734282179
0,55;-0,009765625;0,0302734375;-0,70263671875;56,2659846547;0,00434967117688;0,00371524840054;0,00293573911247
0,555;-0,1337890625;-0,134765625;-0,7890625;56,7774936061;0,00443361493686;0,00142137455969;0,00246687516192
0,56;-0,20166015625;-0,26806640625;-0,84423828125;57,2890025575;0,00404332846111;0,00900165504382;0,00180458478171
0,565;-0,3056640625;-0,33349609375;-0,8173828125;57,800511509;0,00317847956604;0,00450885060729;0,00162429693962
0,57;-0,47998046875;-0,39111328125;-0,767578125;58,3120204604;0,000672920939619;0,00375810858701;0,00389887397797
0,575;-0,65185546875;-0,5087890625;-0,751953125;58,8235294118;0,00473074988523;0,00598509086607;0,00508340980317
0,58;-0,8134765625;-0,60205078125;-0,75244140625;59,3350383632;0,0011165603383;0,00485325478516;0,00215613603541
0,585;-0,99951171875;-0,66015625;-0,728515625;59,8465473146;0,00265663929519;0,00179698392849;0,00332030739478
0,59;-1,0;-0,71044921875;-0,734375;60,358056266;0,00175517872688;0,00174399507367;0,00115676869907
0,595;-1,0;-0,6884765625;-0,765625;60,8695652174;0,00245266315496;0,00736171887292;0,00154097467536
0,6;-0,8828125;-0,44970703125;-0,80078125;61,3810741688;0,00175347295997;0,00513481159961;0,000869930583208
0,605;-0,67138671875;-0,30078125;-0,85595703125;61,8925831202;0,000452288619357;0,0025073234018;0,00308809407807
0,61;-0,44482421875;-0,15087890625;-0,79736328125;62,4040920716;0,00246381026833;0,00622910821933;0,00226418098692
0,615;-0,228515625;0,13720703125;-0,6064453125;62,915601023;0,00138698998797;0,00131204052463;0,00145337652093
0,62;0,00146484375;0,427734375;-0,484375;63,4271099744;0,00363149528741;0,00520549371423;0,0031744454708
0,625;0,2802734375;0,57470703125;-0,44189453125;63,9386189258;0,00301757484917;0,00386544549039;0,00157486822931
0,63;0,583984375;0,609375;-0,42431640625;64,4501278772;0,00141063866024;0,00200327988939;0,000563583894338
0,635;0,78076171875;0,6982421875;-0,416015625;64,9616368286;0,00136970639102;0,00272953490537;0,000639089457761
0,64;0,955078125;0,59521484375;-0,50048828125;65,4731457801;0,0018788749289;0,00366836962276;0,00454165579263
0,645;0,99951171875;0,59814453125;-0,5166015625;65,9846547315;0,0017275744615;0,00475393114332;0,00234021304827
0,65;0,99951171875;0,63427734375;-0,49072265625;66,4961636829;0,0032382719792;0,00445546482774;0,00234651105043
0,655;0,99169921875;0,662109375;-0,4755859375;67,0076726343;0,00525142522236;0,00534921342286;0,00152969579161
0,66;0,91845703125;0,611328125;-0,46142578125;67,5191815857;0,00246608365068;0,00518431620393;0,0028217570995
0,665;0,80615234375;0,5107421875;-0,4892578125;68,0306905371;0,00148793171822;0,00471382056542;0,000747407710223
0,67;0,61279296875;0,39501953125;-0,53173828125;68,5421994885;0,000907824918997;0,00197034729172;0,0019123316784
0,675;0,39013671875;0,25341796875;-0,56884765625;69,0537084399;0,00129665868571;0,00219600665885;0,00174763297205
0,68;0,216796875;0,15283203125;-0,61376953125;69,5652173913;4,47068628994e-05;0,00341968720979;0,00151786971173
0,685;0,09814453125;0,04296875;-0,65478515625;70,0767263427;0,0021926697728;0,00126828684363;0,000491223982372
0,69;0,01708984375;-0,033203125;-0,68017578125;70,5882352941;0,00247733411128;0,00386704323431;0,00221433824736
0,695;-0,03466796875;-0,09228515625;-0,67578125;71,0997442455;0,00137227036138;0,00186346561522;0,0013421537547
0,7;-0,0986328125;-0,05810546875;-0,6689453125;71,6112531969;0,000479247271441;0,00197180335787;0,001301353705
0,705;-0,158203125;-0,048828125;-0,6142578125;72,1227621483;0,00183213698982;0,00354942884657;0,00234943416772
0,71;-0,27197265625;-0,09619140625;-0,599609375;72,6342710997;0,00218877309139;0,00359135365038;0,0026293674935
0,715;-0,439453125;-0,22998046875;-0,62060546875;73,1457800512;0,00290090735538;0,00629274725191;0,00171726068644
0,72;-0,634765625;-0,40576171875;-0,66650390625;73,6572890026;0,00105943255381;0,00236575819481;0,000973661031247
0,725;-0,81640625;-0,52978515625;-0,68505859375;74,168797954;0,00168319304194;0,000932073327056;0,00157018423854
0,73;-0,92578125;-0,61572265625;-0,703125;74,6803069054;0,000770243685878;0,000698780447838;0,000366876026931
0,735;-1,0;-0,66015625;-0,73828125;75,1918158568;0,000751300312931;0,00249215376822;0,00193818920288
0,74;-1,0;-0,66357421875;-0,765625;75,7033248082;0,00139865529538;0,00178057992454;0,00108953962796
0,745;-0,95947265625;-0,6015625;-0,86279296875;76,2148337596;0,00110637161207;0,00187722071712;0,00218646768404
0,75;-0,83642578125;-0,49658203125;-0,876953125;76,726342711;0,00186558924775;0,001556511352;0,00150737581444
0,755;-0,67578125;-0,314453125;-0,751953125;77,2378516624;0,00423198633493;0,00283667563946;0,00191156035519
0,76;-0,4619140625;-0,02294921875;-0,6298828125;77,7493606138;0,00306794042941;0,00229397661799;0,000802391128675
0,765;-0,23486328125;0,26513671875;-0,56640625;78,2608695652;0,00134378470512;0,00187323885345;0,00176149526644
0,77;0,02294921875;0,35888671875;-0,53466796875;78,7723785166;0,00133706211598;0,00202324075525;0,00040523025021
0,775;0,25439453125;0,435546875;-0,56640625;79,283887468;0,00105517455929;0,00192125645067;0,000691470707665
0,78;0,45703125;0,546875;-0,55078125;79,7953964194;0,00121761678454;0,00549462299691;0,00103758578408
0,785;0,63623046875;0,63330078125;-0,54736328125;80,3069053708;0,000956179448306;0,00159496137492;0,000888673593065
0,79;0,80078125;0,529296875;-0,595703125;80,8184143223;0,00231327442496;0,00209842411144;0,00308083548739
0,795;0,93359375;0,48583984375;-0,60888671875;81,3299232737;0,000983255788758;0,00147505174534;0,0016270101348
0,8;0,99951171875;0,630859375;-0,5703125;81,8414322251;0,00107377570422;0,00154589981751;0,000546001245735
0,805;0,99951171875;0,71484375;-0,54541015625;82,3529411765;0,00350972512154;0,000703347617036;0,000596514607407
0,81;0,99951171875;0,6796875;-0,53173828125;82,8644501279;0,00215182750813;0,000740185854267;0,00140623042387
0,815;0,88427734375;0,6171875;-0,509765625;83,3759590793;0,00520918878033;0,00353453594498;0,000725078380492
0,82;0,6630859375;0,51171875;-0,52392578125;83,8874680307;0,00281013924874;0,00231288067546;0,00104785320598
0,825;0,412109375;0,39794921875;-0,58642578125;84,3989769821;0,00067753163506;0,00213155894576;0,000572914963843
0,83;0,2001953125;0,27734375;-0,65478515625;84,9104859335;0,000246795242243;0,00241200915755;0,00199280633574
0,835;0,0546875;0,15576171875;-0,681640625;85,4219948849;0,00185507076791;0,00288037635057;0,000513204505838
0,84;-0,0390625;0,02783203125;-0,71044921875;85,9335038363;0,000465881719871;0,00223280589464;0,000670250157001
0,845;-0,12548828125;-0,08447265625;-0,73486328125;86,4450127877;0,00192047336873;0,00434471356185;0,00120115052069
0,85;-0,25634765625;-0,18017578125;-0,73486328125;86,9565217391;0,00243908093791;0,00591846206209;0,00250009955999
0,855;-0,4140625;-0,259765625;-0,70556640625;87,4680306905;0,00263724333522;0,00137437429171;0,00145048374123
0,86;-0,59423828125;-0,384765625;-0,6962890625;87,9795396419;0,00125292639305;0,00248035916594;0,000868412391012
0,865;-0,783203125;-0,53955078125;-0,73828125;88,4910485934;0,00193904409029;0,00154446311688;0,00120071293068
0,87;-0,95263671875;-0,66015625;-0,80029296875;89,0025575448;0,0024368236559;0,00261255772398;0,00150576474995
0,875;-1,0;-0,7265625;-0,85009765625;89,5140664962;0,00156148834179;0,00108689598944;0,000982196669325
0,88;-1,0;-0,77978515625;-0,9140625;90,0255754476;0,00152607353035;0,00300868926933;0,00147999413884
0,885;-1,0;-0,75634765625;-0,91015625;90,537084399;0,000713670476252;0,00389235208935;0,000492214444317
0,89;-1,0;-0,6328125;-0,80517578125;91,0485933504;0,00064893639555;0,00265165256025;0,000559605026637
0,895;-0,8623046875;-0,42626953125;-0,69970703125;91,5601023018;0,00153688401079;0,00144279230153;0,00100905167096
0,9;-0,5185546875;0,0546875;-0,56201171875;92,0716112532;0,00184051145082;0,00186985735063;0,00162317725998
0,905;-0,3251953125;0,26611328125;-0,49267578125;92,5831202046;0,00264219011958;0,00122176785214;0,00168119332423
0,91;-0,0869140625;0,37646484375;-0,50732421875;93,094629156;0,00336176857632;0,00209539536435;0,00169905649885
0,915;0,16845703125;0,466796875;-0,54541015625;93,6061381074;0,00220327199259;0,00177061089131;0,000524098470843
0,92;0,3984375;0,591796875;-0,484375;94,1176470588;0,00195112615952;0,0022516249452;0,00125929864682
0,925;0,65966796875;0,57763671875;-0,619140625;94,6291560102;0,001221267455;0,000927328178313;0,00193110725427
0,93;0,841796875;0,48046875;-0,76904296875;95,1406649616;0,000768637501683;0,00159980024775;0,000932594113777
0,935;0,970703125;0,48779296875;-0,80908203125;95,652173913;0,00121463203682;0,00387333247246;0,0022464733275
0,94;0,99951171875;0,630859375;-0,74072265625;96,1636828645;0,00174511895461;0,00200649760077;0,000474828411712
0,945;0,99951171875;0,68505859375;-0,67138671875;96,6751918159;0,000521020455241;0,00329552057275;0,000715651414809
0,95;0,99951171875;0,716796875;-0,60888671875;97,1867007673;0,00348053324463;0,00443819066173;0,00144121061038
0,955;0,99951171875;0,72998046875;-0,51220703125;97,6982097187;0,0017099693861;0,00187640281398;0,000620954457195
0,96;0,88330078125;0,67333984375;-0,47314453125;98,2097186701;0,00304499199933;0,00113438606799;0,00137868296805
0,965;0,71533203125;0,484375;-0,51220703125;98,7212276215;0,00145213112359;0,000340144975656;0,00102122554331
0,97;0,51171875;0,38671875;-0,548828125;99,2327365729;0,0013521060065;0,00258252203525;0,00102448871813
0,975;0,31201171875;0,37646484375;-0,5673828125;99,7442455243;0,000776145085612;0,00300365863716;0,00138377639774
0,98;0,169921875;0,3046875;-0,57470703125;;;;
0,985;0,06689453125;0,21435546875;-0,6259765625;;;;
0,99;0,0068359375;0,1484375;-0,689453125;;;;
0,995;-0,056640625;0,083984375;-0,72607421875;;;;
1,0;-0,25634765625;-0,1259765625;-0,79736328125;;;;
1,005;-0,43408203125;-0,2822265625;-0,80322265625;;;;
1,01;-0,64501953125;-0,47607421875;-0,828125;;;;
1,015;-0,82666015625;-0,6533203125;-0,8564453125;;;;
1,02;-0,96728515625;-0,720703125;-0,861328125;;;;
1,025;-1,0;-0,6953125;-0,83154296875;;;;
1,03;-1,0;-0,7060546875;-0,8134765625;;;;
1,035;-1,0;-0,6923828125;-0,81103515625;;;;
1,04;-0,939453125;-0,53125;-0,75390625;;;;
1,045;-0,79345703125;-0,3017578125;-0,68310546875;;;;
1,05;-0,6220703125;-0,064453125;-0,62890625;;;;
1,055;-0,42822265625;0,15576171875;-0,59423828125;;;;
1,06;-0,24609375;0,294921875;-0,576171875;;;;
1,065;-0,05322265625;0,41357421875;-0,58984375;;;;
1,07;0,16357421875;0,453125;-0,6015625;;;;
1,075;0,36865234375;0,59130859375;-0,5947265625;;;;
1,08;0,62451171875;0,48486328125;-0,71142578125;;;;
1,085;0,82763671875;0,41845703125;-0,7861328125;;;;
1,09;0,955078125;0,4921875;-0,7939453125;;;;
1,095;0,99951171875;0,6826171875;-0,697265625;;;;
1,1;0,99951171875;0,8583984375;-0,5302734375;;;;
1,105;0,99951171875;0,708984375;-0,51513671875;;;;
1,11;0,92724609375;0,55029296875;-0,5205078125;;;;
1,115;0,72607421875;0,4794921875;-0,51416015625;;;;
1,12;0,48388671875;0,4609375;-0,52001953125;;;;
1,125;0,28125;0,39013671875;-0,55029296875;;;;
1,13;0,12646484375;0,291015625;-0,59033203125;;;;
1,135;0,02734375;0,19970703125;-0,65478515625;;;;
1,14;-0,03515625;0,14404296875;-0,7177734375;;;;
1,145;-0,080078125;0,08935546875;-0,759765625;;;;
1,15;-0,1259765625;0,01318359375;-0,798828125;;;;
1,155;-0,22998046875;-0,05322265625;-0,79736328125;;;;
1,16;-0,38916015625;-0,1806640625;-0,783203125;;;;
1,165;-0,572265625;-0,396484375;-0,798828125;;;;
1,17;-0,76513671875;-0,59423828125;-0,83984375;;;;
1,175;-0,93701171875;-0,6943359375;-0,85986328125;;;;
1,18;-1,0;-0,74072265625;-0,82470703125;;;;
1,185;-1,0;-0,7744140625;-0,83544921875;;;;
1,19;-1,0;-0,71875;-0,84033203125;;;;
1,195;-1,0;-0,57080078125;-0,7880859375;;;;
1,2;-0,69580078125;-0,11328125;-0,65576171875;;;;
1,205;-0,49951171875;0,12646484375;-0,61328125;;;;
1,21;-0,28515625;0,32080078125;-0,57373046875;;;;
1,215;-0,078125;0,42236328125;-0,61279296875;;;;
1,22;0,12841796875;0,4375;-0,67041015625;;;;
1,225;0,35546875;0,51611328125;-0,70361328125;;;;
1,23;0,59814453125;0,57421875;-0,68310546875;;;;
1,235;0,833984375;0,50830078125;-0,77001953125;;;;
1,24;0,978515625;0,546875;-0,744140625;;;;
1,245;0,99951171875;0,7451171875;-0,64697265625;;;;
1,25;0,99951171875;0,763671875;-0,58154296875;;;;
1,255;0,99951171875;0,66357421875;-0,55712890625;;;;
1,26;0,99560546875;0,6162109375;-0,53125;;;;
1,265;0,89892578125;0,57666015625;-0,4775390625;;;;
1,27;0,74267578125;0,53076171875;-0,46142578125;;;;
1,275;0,56005859375;0,47216796875;-0,4658203125;;;;
1,28;0,3857421875;0,4287109375;-0,486328125;;;;
1,285;0,2392578125;0,35107421875;-0,52392578125;;;;
1,29;0,12841796875;0,27490234375;-0,564453125;;;;
1,295;0,0537109375;0,23046875;-0,62890625;;;;
1,3;-0,04052734375;0,11279296875;-0,74853515625;;;;
1,305;-0,09375;0,04345703125;-0,7939453125;;;;
1,31;-0,18798828125;-0,06884765625;-0,81689453125;;;;
1,315;-0,38134765625;-0,20703125;-0,814453125;;;;
1,32;-0,55908203125;-0,404296875;-0,81884765625;;;;
1,325;-0,74072265625;-0,57421875;-0,82470703125;;;;
1,33;-0,908203125;-0,6376953125;-0,791015625;;;;
1,335;-1,0;-0,66162109375;-0,75048828125;;;;
1,34;-1,0;-0,68408203125;-0,75341796875;;;;
1,345;-1,0;-0,65625;-0,77978515625;;;;
1,35;-1,0;-0,578125;-0,7890625;;;;
1,355;-0,91845703125;-0,40966796875;-0,7333984375;;;;
1,36;-0,73486328125;-0,1572265625;-0,65625;;;;
1,365;-0,5390625;0,1171875;-0,60400390625;;;;
1,37;-0,3203125;0,30419921875;-0,60986328125;;;;
1,375;-0,095703125;0,46875;-0,6240234375;;;;
1,38;0,16357421875;0,48583984375;-0,67578125;;;;
1,385;0,44677734375;0,5185546875;-0,75390625;;;;
1,39;0,75830078125;0,7421875;-0,73486328125;;;;
1,395;0,99951171875;0,87109375;-0,6953125;;;;
1,4;0,99951171875;0,99951171875;-0,578125;;;;
1,405;0,99951171875;0,99951171875;-0,53125;;;;
1,41;0,99951171875;0,94482421875;-0,515625;;;;
1,415;0,93896484375;0,6630859375;-0,55078125;;;;
1,42;0,6279296875;0,51220703125;-0,54736328125;;;;
1,425;0,3427734375;0,39501953125;-0,52978515625;;;;
1,43;0,12646484375;0,25732421875;-0,525390625;;;;
1,435;-0,03564453125;0,09716796875;-0,572265625;;;;
1,44;-0,13916015625;-0,001953125;-0,626953125;;;;
1,445;-0,19384765625;-0,05859375;-0,66259765625;;;;
1,45;-0,25439453125;-0,072265625;-0,6455078125;;;;
1,455;-0,34326171875;-0,12060546875;-0,6142578125;;;;
1,46;-0,494140625;-0,22314453125;-0,62451171875;;;;
1,465;-0,67578125;-0,34033203125;-0,63916015625;;;;
1,47;-0,8720703125;-0,47265625;-0,66015625;;;;
1,475;-1,0;-0,59228515625;-0,70361328125;;;;
1,48;-1,0;-0,63232421875;-0,732421875;;;;
1,485;-1,0;-0,609375;-0,7509765625;;;;
1,49;-1,0;-0,515625;-0,73486328125;;;;
1,495;-0,8798828125;-0,37158203125;-0,71240234375;;;;
1,5;-0,5205078125;0,04296875;-0,60986328125;;;;
1,505;-0,29345703125;0,23583984375;-0,5947265625;;;;
1,51;-0,068359375;0,3271484375;-0,615234375;;;;
1,515;0,1474609375;0,4453125;-0,6572265625;;;;
1,52;0,34765625;0,47802734375;-0,712890625;;;;
1,525;0,54833984375;0,53173828125;-0,6953125;;;;
1,53;0,728515625;0,48583984375;-0,7578125;;;;
1,535;0,88427734375;0,47021484375;-0,77392578125;;;;
1,54;0,97021484375;0,53466796875;-0,73291015625;;;;
1,545;0,99951171875;0,578125;-0,65185546875;;;;
1,55;0,99951171875;0,583984375;-0,58251953125;;;;
1,555;0,94091796875;0,59521484375;-0,53173828125;;;;
1,56;0,7880859375;0,57861328125;-0,46728515625;;;;
1,565;0,5771484375;0,52734375;-0,43798828125;;;;
1,57;0,376953125;0,44873046875;-0,43798828125;;;;
1,575;0,212890625;0,3515625;-0,46533203125;;;;
1,58;0,0771484375;0,255859375;-0,51025390625;;;;
1,585;-0,01904296875;0,17333984375;-0,5712890625;;;;
1,59;-0,07421875;0,10693359375;-0,63232421875;;;;
1,595;-0,13720703125;0,05615234375;-0,671875;;;;
1,6;-0,37548828125;-0,1376953125;-0,67529296875;;;;
1,605;-0,56103515625;-0,326171875;-0,71826171875;;;;
1,61;-0,78125;-0,5048828125;-0,765625;;;;
1,615;-0,95751953125;-0,65625;-0,82373046875;;;;
1,62;-1,0;-0,73388671875;-0,8525390625;;;;
1,625;-1,0;-0,728515625;-0,86083984375;;;;
1,63;-1,0;-0,68017578125;-0,8525390625;;;;
1,635;-0,95703125;-0,55908203125;-0,8203125;;;;
1,64;-0,81884765625;-0,39013671875;-0,77978515625;;;;
1,645;-0,677734375;-0,181640625;-0,73095703125;;;;
1,65;-0,49658203125;0,05615234375;-0,6787109375;;;;
1,655;-0,314453125;0,23388671875;-0,65869140625;;;;
1,66;-0,11572265625;0,34375;-0,68408203125;;;;
1,665;0,1171875;0,41796875;-0,71923828125;;;;
1,67;0,36865234375;0,45458984375;-0,74658203125;;;;
1,675;0,58740234375;0,62646484375;-0,658203125;;;;
1,68;0,83154296875;0,54052734375;-0,73828125;;;;
1,685;0,99951171875;0,5546875;-0,73291015625;;;;
1,69;0,99951171875;0,76513671875;-0,6064453125;;;;
1,695;0,99951171875;0,84326171875;-0,53369140625;;;;
1,7;0,99951171875;0,74658203125;-0,43994140625;;;;
1,705;0,857421875;0,68896484375;-0,38720703125;;;;
1,71;0,61376953125;0,5859375;-0,384765625;;;;
1,715;0,373046875;0,46630859375;-0,412109375;;;;
1,72;0,17236328125;0,35546875;-0,462890625;;;;
1,725;0,029296875;0,2412109375;-0,52001953125;;;;
1,73;-0,0703125;0,109375;-0,595703125;;;;
1,735;-0,13427734375;0,06201171875;-0,64892578125;;;;
1,74;-0,189453125;-0,00390625;-0,68603515625;;;;
1,745;-0,26611328125;-0,0595703125;-0,685546875;;;;
1,75;-0,39892578125;-0,19970703125;-0,6748046875;;;;
1,755;-0,603515625;-0,341796875;-0,7041015625;;;;
1,76;-0,80419921875;-0,48876953125;-0,75390625;;;;
1,765;-0,9765625;-0,64501953125;-0,8095703125;;;;
1,77;-1,0;-0,75048828125;-0,85498046875;;;;
1,775;-1,0;-0,751953125;-0,8681640625;;;;
1,78;-1,0;-0,7265625;-0,88720703125;;;;
1,785;-1,0;-0,62890625;-0,89111328125;;;;
1,79;-0,91015625;-0,4453125;-0,8447265625;;;;
1,795;-0,7431640625;-0,18701171875;-0,7578125;;;;
1,8;-0,33837890625;0,23583984375;-0,67919921875;;;;
1,805;-0,12109375;0,36474609375;-0,71142578125;;;;
1,81;0,1005859375;0,44970703125;-0,73193359375;;;;
1,815;0,28857421875;0,57763671875;-0,75634765625;;;;
1,82;0,54638671875;0,568359375;-0,80908203125;;;;
1,825;0,81201171875;0,552734375;-0,8203125;;;;
1,83;0,98095703125;0,62158203125;-0,7822265625;;;;
1,835;0,99951171875;0,77783203125;-0,66259765625;;;;
1,84;0,99951171875;0,80615234375;-0,55908203125;;;;
1,845;0,99951171875;0,72216796875;-0,515625;;;;
1,85;0,99951171875;0,70458984375;-0,43017578125;;;;
1,855;0,91357421875;0,708984375;-0,35986328125;;;;
1,86;0,716796875;0,6591796875;-0,33203125;;;;
1,865;0,509765625;0,5693359375;-0,35498046875;;;;
1,87;0,3232421875;0,484375;-0,39892578125;;;;
1,875;0,16796875;0,3779296875;-0,46142578125;;;;
1,88;0,05029296875;0,26806640625;-0,53759765625;;;;
1,885;-0,03759765625;0,2294921875;-0,59326171875;;;;
1,89;-0,083984375;0,201171875;-0,650390625;;;;
1,895;-0,12841796875;0,12646484375;-0,71533203125;;;;
1,9;-0,35009765625;-0,103515625;-0,76904296875;;;;
1,905;-0,5634765625;-0,29638671875;-0,77587890625;;;;
1,91;-0,7890625;-0,5234375;-0,80712890625;;;;
1,915;-0,9990234375;-0,7041015625;-0,83447265625;;;;
1,92;-1,0;-0,72998046875;-0,82470703125;;;;
1,925;-1,0;-0,70947265625;-0,79345703125;;;;
1,93;-1,0;-0,72265625;-0,83642578125;;;;
1,935;-1,0;-0,6767578125;-0,8876953125;;;;
1,94;-1,0;-0,48828125;-0,83447265625;;;;
1,945;-0,853515625;-0,23828125;-0,78466796875;;;;
1,95;-0,6640625;-0,0078125;-0,7607421875;;;;
1,955;-0,44775390625;0,14892578125;-0,74853515625;;;;
